w: 5
p: 5
rrmse: 0.09042392692528745
mpe: 0.1306037681242443
l2: 0.0006374110354779692
l1: 0.01439086505650343
time: 961.8118188381195

w: 10
p: 5
rrmse: 0.04626735185979095
mpe: 0.07886265817169978
l2: 0.00032614509964978665
l1: 0.008689656416853523
time: 588.2862370014191

w: 20
p: 5
rrmse: 0.992884775527997
mpe: 1.6979762813146086
l2: 0.006998985051849427
l1: 0.18709527209273563
time: 496.44686007499695

w: 100
p: 5
rrmse: 0.1375325578850084
mpe: 0.208406064554549
l2: 0.0009694864303543216
l1: 0.02296368316960312
time: 86.99045515060425

best rank w: 10
best rank p: 5
best RRMSE: 0.04626735185979095
best rank w: 10
best rank p: 5
best MPE: 0.07886265817169978
