w: 5
p: 5
rrmse: 0.09553226813251839
mpe: 0.1406991840543828
l2: 0.0006798384871808704
l1: 0.015459307569351296
time: 1216.63263297081

w: 10
p: 5
rrmse: 0.0422595881719936
mpe: 0.05582662476610246
l2: 0.0003007328838030109
l1: 0.006133944333922797
time: 591.187824010849

w: 20
p: 5
rrmse: 0.13710891073062956
mpe: 0.23583342937438626
l2: 0.0009757113096156004
l1: 0.025912172443191616
time: 497.345742225647

w: 100
p: 5
rrmse: 0.10666413178343397
mpe: 0.1438453520904906
l2: 0.000759056425704473
l1: 0.015804992440674025
time: 156.7355659008026

best rank w: 10
best rank p: 5
best RRMSE: 0.0422595881719936
best rank w: 10
best rank p: 5
best MPE: 0.05582662476610246
