w: 5
p: 5
rrmse: 0.09043152609796609
mpe: 0.13064504427146179
l2: 0.0006374646031197493
l1: 0.014395413160078007
time: 920.4973790645599

w: 10
p: 5
rrmse: 0.04626735185979095
mpe: 0.07886265817169978
l2: 0.00032614509964978665
l1: 0.008689656416853523
time: 586.9393141269684

w: 20
p: 5
rrmse: 0.9672788896428823
mpe: 1.6772493709577239
l2: 0.006818485544790334
l1: 0.18481143163186606
time: 497.3809189796448

w: 100
p: 5
rrmse: 0.13756581632959053
mpe: 0.2084321223755227
l2: 0.0009697208738287463
l1: 0.02296655440824106
time: 88.03524994850159

best rank w: 10
best rank p: 5
best RRMSE: 0.04626735185979095
best rank w: 10
best rank p: 5
best MPE: 0.07886265817169978
