w: 5
p: 5
rrmse: 0.09546600914083828
mpe: 0.1406154736132642
l2: 0.000679366966787327
l1: 0.015450109893723564
time: 1193.8423690795898

w: 10
p: 5
rrmse: 0.0422595881719936
mpe: 0.05582662476610246
l2: 0.0003007328838030109
l1: 0.006133944333922797
time: 591.4851388931274

w: 20
p: 5
rrmse: 0.13710891073062956
mpe: 0.23583342937438626
l2: 0.0009757113096156004
l1: 0.025912172443191616
time: 497.84258675575256

w: 100
p: 5
rrmse: 0.09409502863078922
mpe: 0.12913169192094248
l2: 0.0006696106265043422
l1: 0.0141883306273117
time: 161.44007396697998

best rank w: 10
best rank p: 5
best RRMSE: 0.0422595881719936
best rank w: 10
best rank p: 5
best MPE: 0.05582662476610246
